1PasswordD:11,12,0,9,2,0,27,1,33,5,58,0,3,39,8,35,124,10,14,-735535,
1PasswordM:5,26,14,3,105,5,52,29,12,7,16,2,31,15,12,163,7,31,22,88,2,17,24,12,
BastionD:-38,0,-137,-5,-103,-9,-2,-3,-1,-1,-1,
BastionM:87,309,
Covenant EyesD:31,5,29,7,88,156,62,64,12,14,115,41,75,36,16,76,41,16,215,98,442,29,266,
Covenant EyesM:44,198,241,14,2,7,14,49,5,
CreativeCloudD:21,24,12,15,54,9,43,46,9,35,2,67,37,21,74,
CreativeCloudM:7,110,22,
DashlaneD:-49,-30,-12,-47,-99,-64,-9,-14,-17,-21,-18,-124,-64,-54,-43,-69,
DashlaneM:6,5,10,5,30,12,18,11,6,9,22,11,6,11,7,5,22,33,149,68,9,19,10,12,
OmniGraffleD:825,252,5,79,28,91,282,62,146,84,398,2,27,5,31,1,33,12,164,32,14,65,19,280,36,77,9,35,40,48,58,
OmniGraffleM:24,38,121,37,-3,305,34,148,9,188,50,195,9,24,78,372,
Raptr - D:11,27,5,50,22,5,21,20,101,37,11,47,9,5,7,23,47,1,52,28,74,15,33,29,27,11,12,43,21,40,14,2,25,11,40,68,4,0,75,2,31,0,
RaptrM:22,21,57,37,59,12,14,38,69,47,56,14,18,32,34,24,14,25,22,29,30,17,30,215,
SplashIDD:7,3,3,3,7,8,13,41,75,57,9,41,
SplashIDM:7,3,9,31,16,27,36,18,70,1,2,10,9,31,184,
SpotifyD:-21,-60,-224,-56,-81,-79,1,8,7,21,41,82,56,224,59,22,-735494,
