Afterlight:17,21,37,36,17,31,36,29,11,33,52,47,94,66,58,16,55,29,6,
Clash of Clans:27,12,23,52,26,35,36,36,25,42,29,34,10,27,29,55,70,36,12,13,23,76,36,14,
CNN:24,54,83,133,57,41,23,15,55,70,84,84,20,34,94,68,36,100,12,56,1,8,32,8,
Credit Karma:41,4,99,105,141,5,53,158,146,7,35,3,23,
Crittercisms:7,3,12,10,0,27,19,2,1,5,1,5,7,16,5,18,1,3,15,25,9,14,21,5,39,29,45,15,10,10,45,74,27,1,10,67,2,1,17,56,23,0,22,14,14,126,42,70,98,0,
Dictionary com:83,246,133,37,4,133,67,264,28,71,5,107,119,161,20,96,78,72,6,120,112,70,
Evernote Food:7,55,59,19,6,45,18,18,26,36,68,22,2,72,16,51,0,13,9,27,27,147,35,134,
Facebook Messenger:22,6,39,27,11,24,7,15,10,15,30,6,15,13,15,0,19,14,16,11,17,0,13,15,
Heads Up:9,16,49,69,90,57,9,3,43,89,74,22,
Instagram:2,48,26,2,5,10,14,13,15,14,8,6,5,1,22,7,25,7,8,13,14,9,2,12,
Instapaper:7,23,12,42,12,12,31,31,46,6,74,285,6,8,35,13,13,39,5,43,70,46,86,27,
Lumosity:26,7,33,3,4,51,8,27,12,21,21,77,23,9,55,75,3,4,6,22,1,27,9,14,
New Words with Friends:15,14,8,17,32,19,35,14,17,25,
Pandora:37,1,112,4,111,3,16,91,32,62,48,45,27,33,49,65,8,53,11,48,62,9,18,35,
Plague Inc:80,12,43,16,4,105,-3,15,3,124,2,12,50,69,6,1,31,110,2,27,4,4,42,4,
Run Keeper:46,9,7,35,26,7,23,33,2,47,15,15,13,20,30,14,7,32,21,18,13,11,14,11,
Sleep Cycle:23,34,75,84,260,334,345,12,71,101,184,12,83,7,151,
Songza:44,92,14,11,23,14,89,38,10,24,9,55,12,23,34,29,26,74,98,31,73,12,23,20,
Wish:20,33,50,21,42,37,36,48,49,28,44,19,42,15,17,43,43,30,38,34,14,33,47,22,
