SpotifyM:,34,7,14,23,42,53,21,17,19,17,45,18,45,16,77,37,14,25,14,38
Acorn:,182,73,25,56,11,23,26,45,66,4,18,52,76,75,75,86,105,100,5,14,30,53,37,79,2,2,25,51,91,63,37
Aptana:,38,39,28,50,6,16,55,21
Charles:,31,140,32,10,26,111,68,5,61,16,10,24,5,26,19,10,83,14,2,75,37,95,25,142,17,145,20,204,20,67,9,228,366,6,12,0,71,23,432,204,5,42,2,184,10,21,149
GameMaker:,7,27,1,7,14,20,29,10,22,20,4,7,21,21,6,14,28,1,5,55,0,35,17,4,44,13,23,6,46,4,6,6,50
Kaleidoscope:,0,2,181,13,41,78,56,43,148,221,9,169,33,246,189
Kerbal Space Program:,13,6,0,1,0,4,25,25,7,29,1,29,35,26,15,37,0,24,7,44,14,1,49,61,41,32,2,17,54,2,30,2,64,8,1,55,0,84,62,105,107,7,1,74
NDepend:,2,15,21,38,26,606,144,109,50,12,8,35,15,20,5,13,57,53,17,14,7,56,2,7,2,76,33,20,51,51,32,6,10,18,4,45,3,8,105,54,271,9,9,41,34,107,38,44,23,89,57,19,139,219,7,42,154,280,8,63,62,28,111,45,45
Net News:,18,7,14,28,14,15,3,10,14,14,29,13,21,3,11,21,31,182
Tableau:,30,40,41,27,43,29,37,33,34,36,34,34,36,33,24,28,39,28,23,36,3,20,36,28,40,22,27,36,63,0,22,27,36,28,35,35,48,34,108,0,8,27,7,41,35,29,34,44,55,29,20,35,27,36,48,20,35,27,42,35,30,11,52,39,193,0,35,30,11,52,10,29,36,44,35,40,16,22,24,44,47,36,36,41,42,43,49,0,47,36,36,41,42,43,49,41,27,24,33,30,42,28,39,29,0,14,18,17,41,27,24,33,30,42,28,39,6,36,28,39
Valgrind:,57,172,428,118,262,279,40,407,314
Versions:,17,2,31,0,6,1,30,14,30,26,0,1,14,169,105,29,70,81,24,194,57,13,9,32,11,101,21,44,153,15,201,199,5,9,244,56
VMWare Fusion:,150,18,89,50,8,74,100,189,238,70,70,96,79,112,180,318,106,0,13,51,6,141,62,148,71,12,65,126,264,212,173,21,42,163,75,107,63,56
SpotifyM:,34,7,14,23,42,53,21,17,19,17,45,18,45,16,77,37,14,25,14,38
Acorn:,182,73,25,56,11,23,26,45,66,4,18,52,76,75,75,86,105,100,5,14,30,53,37,79,2,2,25,51,91,63,37
Aptana:,38,39,28,50,6,16,55,21
Charles:,31,140,32,10,26,111,68,5,61,16,10,24,5,26,19,10,83,14,2,75,37,95,25,142,17,145,20,204,20,67,9,228,366,6,12,0,71,23,432,204,5,42,2,184,10,21,149
GameMaker:,7,27,1,7,14,20,29,10,22,20,4,7,21,21,6,14,28,1,5,55,0,35,17,4,44,13,23,6,46,4,6,6,50
Kaleidoscope:,0,2,181,13,41,78,56,43,148,221,9,169,33,246,189
Kerbal Space Program:,13,6,0,1,0,4,25,25,7,29,1,29,35,26,15,37,0,24,7,44,14,1,49,61,41,32,2,17,54,2,30,2,64,8,1,55,0,84,62,105,107,7,1,74
NDepend:,2,15,21,38,26,606,144,109,50,12,8,35,15,20,5,13,57,53,17,14,7,56,2,7,2,76,33,20,51,51,32,6,10,18,4,45,3,8,105,54,271,9,9,41,34,107,38,44,23,89,57,19,139,219,7,42,154,280,8,63,62,28,111,45,45
Net News:,18,7,14,28,14,15,3,10,14,14,29,13,21,3,11,21,31,182
Tableau:,30,40,41,27,43,29,37,33,34,36,34,34,36,33,24,28,39,28,23,36,3,20,36,28,40,22,27,36,63,0,22,27,36,28,35,35,48,34,108,0,8,27,7,41,35,29,34,44,55,29,20,35,27,36,48,20,35,27,42,35,30,11,52,39,193,0,35,30,11,52,10,29,36,44,35,40,16,22,24,44,47,36,36,41,42,43,49,0,47,36,36,41,42,43,49,41,27,24,33,30,42,28,39,29,0,14,18,17,41,27,24,33,30,42,28,39,6,36,28,39
Valgrind:,57,172,428,118,262,279,40,407,314
Versions:,17,2,31,0,6,1,30,14,30,26,0,1,14,169,105,29,70,81,24,194,57,13,9,32,11,101,21,44,153,15,201,199,5,9,244,56
VMWare Fusion:,150,18,89,50,8,74,100,189,238,70,70,96,79,112,180,318,106,0,13,51,6,141,62,148,71,12,65,126,264,212,173,21,42,163,75,107,63,56
SpotifyM:,34,7,14,23,42,53,21,17,19,17,45,18,45,16,77,37,14,25,14,38
