Acorn:182,-734073,0,734227,11,23,26,45,66,4,18,52,76,75,75,86,105,100,5,14,30,53,37,-735128,0,0,735236,51,91,
AptanaD:38,39,28,50,6,16,55,21,21,29,-17,65,24,20,29,
Charles:0,0,0,0,0,0,0,0,0,0,0,0,0,0,0,0,0,0,0,0,0,0,0,31,0,0,0,0,0,0,0,140,0,0,0,0,0,0,0,0,0,0,32,0,0,0,0,0,0,0,0,10,0,0,0,0,0,26,0,0,0,111,0,0,0,0,0,0,0,0,0,0,0,0,0,0,0,0,0,0,0,0,0,0,0,0,0,0,0,0,0,0,0,0,0,0,0,0,0,0,0,68,0,0,0,0,0,0,0,0,0,0,0,5,0,0,0,61,0,0,0,0,0,0,0,0,0,0,0,0,0,0,0,0,16,0,10,0,0,0,24,0,0,0,0,0,0,0,0,0,0,0,0,0,0,0,0,5,0,0,26,0,0,0,0,0,0,0,0,0,19,0,0,0,0,0,0,0,0,0,0,0,0,0,0,0,0,0,0,0,10,0,83,0,0,0,0,0,0,0,0,0,0,0,0,0,0,0,0,0,0,0,0,0,14,0,0,0,2,0,0,0,0,0,75,0,0,0,0,0,0,0,0,0,0,0,37,0,0,0,0,0,95,0,0,0,0,0,0,0,0,0,0,0,0,0,0,0,0,0,0,0,0,0,0,0,0,0,0,25,0,0,0,0,0,0,0,0,0,142,0,0,0,0,0,0,0,0,0,0,17,0,0,0,0,145,0,0,0,0,0,0,0,0,0,0,0,0,0,0,0,0,20,0,0,0,0,0,0,0,0,0,0,204,0,0,0,0,0,0,0,0,0,0,0,0,0,0,0,0,0,0,0,0,0,0,0,0,0,0,0,0,0,0,0,0,0,0,0,0,0,0,0,0,0,0,0,20,0,0,0,0,67,0,0,0,0,0,0,0,0,0,0,0,0,0,0,0,0,0,0,0,0,0,0,0,0,0,0,0,0,0,0,9,0,0,228,0,0,0,0,0,0,0,0,0,0,0,0,0,366,0,0,0,0,0,0,0,0,0,0,0,6,0,0,0,0,0,0,0,0,12,0,0,0,0,0,0,0,0,0,0,71,0,0,0,0,0,0,0,0,0,0,0,0,0,0,0,0,0,0,0,0,0,0,0,0,0,0,0,0,23,0,0,0,0,0,0,0,0,0,0,432,0,0,0,0,0,0,0,0,0,0,204,0,0,0,0,0,0,0,0,0,0,0,0,0,0,5,0,0,0,0,42,0,0,2,0,0,0,184,0,0,0,0,0,0,0,0,0,0,0,0,0,0,0,0,0,0,0,0,0,0,0,10,0,0,0,21,0,0,0,149,0,0,0,0,0,
GameMaker:7,27,1,7,14,20,29,10,22,20,4,7,21,21,6,14,-20,49,5,55,0,35,17,4,44,13,23,6,46,4,6,
KaleidoscopeD:0,
Kerbal Space Program:13,6,0,1,0,4,25,25,7,29,1,29,35,26,-734512,734527,37,0,24,7,44,14,1,49,61,41,32,2,17,54,2,30,2,64,8,1,55,0,84,62,105,107,7,1,
NDepend:852,109,50,12,8,35,15,20,5,13,57,53,17,14,7,56,2,7,2,76,33,20,51,51,32,6,10,18,4,45,3,8,105,54,271,9,1310,63,62,28,111,45,
Net News:18,7,14,28,14,15,3,10,14,14,29,13,21,3,11,21,
Tableau:30,40,41,27,43,29,37,33,34,-68,34,34,36,33,24,28,39,28,23,36,-56,20,36,28,40,22,27,36,63,-148,22,27,36,28,35,35,48,34,108,-225,8,27,7,41,35,29,34,44,55,29,20,35,27,-130,48,20,35,27,42,35,30,11,52,39,193,-360,35,30,11,52,10,29,36,44,35,40,16,22,24,44,47,36,36,41,42,43,49,-294,47,36,36,41,42,43,49,41,27,24,33,30,42,28,39,29,-342,14,18,17,41,27,24,33,30,42,28,39,-103,36,
Valgrind:57,172,428,118,262,279,40,
Versions:17,2,31,0,6,1,30,14,30,26,0,1,14,169,105,29,70,81,24,194,57,13,9,32,11,101,21,44,153,15,201,199,5,9,
